Pair_DG-DC 10.945 12.565 10.945 L2 -2.17857 -1.446 -2.8039 -3.03105 -3.2125 -3.64493 -3.81228 -3.79833 -3.86183 -3.80077 -3.55051 -3.36153 -2.79243 -2.52441 -2.16611 -1.60859 -1.05057 -0.568981 -0.172793 -0.301915 -0.71318
Pair_DG-DT 10.25 19.75 10.25 L2 -1.24031 -1.67811 -2.42972 -2.74845 -2.76282 -2.61195 -2.11899 -1.68548 -1.35445 -1.06247 -1.06937 -1.30451 -1.55371 -1.87156 -2.0523 -1.90969 -1.39599 -0.476822 -0.578874 -0.349749 -0.254924
Pair_DG-DA 10.6875 17.8125 10.6875 L2 -0.47009 -0.861911 -1.14144 -2.0014 -2.20731 -2.32111 -2.5966 -2.7565 -2.77715 -2.57948 -2.50707 -2.36051 -2.04253 -1.84646 -1.55297 -1.39069 -1.03235 -0.700854 -1.54103 0.403713 0.545902
Pair_DG-CY3B 13.175 19.825 13.175 L2 -0.263017 -1.1253 -1.75726 -2.01055 -2.35921 -2.71837 -2.9673 -2.93754 -2.3094 -1.13837 -0.766581 -1.15699 -1.20341 -1.35924 -1.30568 -0.794588 -1.08919 -1.00664 -1.8233 -0.745391 -0.189491
Pair_CY5A-DC 10.15 15.55 10.15 L2 -0.252766 -2.25232 -1.76469 -1.59332 -1.92176 -1.71702 -1.21891 -1.5789 -2.55953 -3.00595 -3.27275 -3.22583 -2.75674 -2.26889 -2.18528 -2.25766 -1.70604 -1.07361 -1.13984 -0.622154 -0.568632
Pair_CY5A-DT 13.0625 19.8125 13.0625 L2 -0.642981 -0.812373 -1.60088 -1.94522 -2.22787 -2.36759 -2.25732 -2.20254 -2.25704 -2.38584 -2.6952 -2.41418 -2.26166 -1.71123 -1.30814 -0.940677 -0.247683 0.0589605 -0.248055 0.461907 0.0908709
Pair_CY5A-DA 14.6875 21.8125 14.6875 L2 -0.0933625 -0.860056 -0.268031 -1.47124 -1.70643 -2.01931 -2.23258 -2.19499 -2.43147 -2.47646 -2.293 -2.26212 -1.97892 -1.47317 -1.20523 -0.686162 -0.179888 -0.806819 -0.631614 0.370343 0.135045
Pair_CY5B-DC 10.1 13.9 10.1 L2 -1.32021 -2.65968 -1.62974 -2.43247 -2.50934 -2.92085 -3.15161 -3.34205 -3.41159 -3.31488 -3.07552 -2.84325 -2.48676 -2.06519 -2.00003 -1.54113 -1.14187 -1.38826 0.152909 -1.51055 -0.120426
Pair_CY5B-DT 6.7375 15.7625 6.7375 L2 -1.45789 -1.74644 -2.22821 -3.40645 -2.94836 -2.38866 -0.883823 0.406525 1.32516 -0.137896 -2.11721 -2.60658 -2.68031 -2.16308 -1.66199 -2.04731 -2.94245 -2.31623 0.102173 -1.49394 -0.280282
Pair_CY5B-DA 13.125 17.875 13.125 L2 -0.0561982 -1.08112 -0.99357 -1.97902 -1.46708 -2.28323 -2.70962 -2.91838 -3.03969 -3.03408 -2.76508 -2.27527 -1.90391 -1.66813 -1.37056 -0.932775 -1.12827 -0.99774 -0.0814686 -1.53617 -0.100859
Pair_CY3A-DC 5.0525 10.8475 5.0525 L2 -2.84452 -2.55787 -3.15006 -2.21382 -0.792545 -2.02006 -2.58108 -3.08696 -3.76511 -3.8193 -3.69069 -3.51497 -3.06964 -2.35253 -1.75249 -1.41828 -0.832339 -0.270709 -0.0941199 -0.999818 -0.574898
Pair_CY3A-DT 7.5175 15.7825 7.5175 L2 -2.34113 -3.14422 -3.27695 -2.65271 -1.67714 -2.15573 -2.73796 -2.88751 -2.45897 -2.07979 -1.3583 -0.820055 -0.368733 -0.0846642 -0.83001 -0.733147 -0.700493 -0.632989 -0.5523 0.678164 0.320011
Pair_CY3A-DA 10.98 17.82 10.98 L2 -1.20453 -2.42422 -2.71094 -3.15926 -3.1698 -2.91525 -2.52222 -2.11971 -1.53235 -1.33564 -0.479568 0.1726 -0.696146 -1.11278 -0.944725 -1.25767 -1.26683 -1.21141 -0.803571 0.113429 -0.431354
Pair_CY3B-DC 7.4425 12.8575 7.4425 L2 -2.07153 -2.39923 -3.25106 -3.89383 -3.94518 -3.14917 -2.69471 -2.02393 -1.55028 -1.49721 -2.02469 -2.14217 -2.01685 -2.43717 -2.06564 -1.71282 -1.86934 -1.31449 -0.433012 0.45138 -0.413646
Pair_CY3B-DT 8.25 17.75 8.25 L2 -1.78687 -1.93166 -2.17305 -2.62535 -2.54176 -2.02823 -1.50949 -1.25725 -1.35928 -1.76513 -2.26221 -2.41327 -2.20775 -1.61463 -0.869139 -0.802158 -0.838005 -0.860211 -1.04078 -0.384691 0.131057
Pair_CY3B-DA 14.15 19.85 14.15 L2 0.140929 -0.158377 -0.997977 -1.61596 -2.47273 -2.47615 -2.7801 -2.77596 -2.54684 -2.36779 -2.1271 -1.67835 -1.51853 -1.50533 -1.3819 -1.61513 -1.21452 -1.57452 -0.87366 -0.825393 0.13135
Pair_DT-DC 9.1375 14.3625 9.1375 L2 -0.7315 -1.58648 -0.706547 -1.99947 -2.3572 -2.44828 -2.48149 -2.59369 -2.31344 -2.22302 -2.02175 -1.8709 -1.85068 -1.39696 -0.820582 -0.338367 -0.90969 -0.991376 -0.221296 -0.260124 0.347272
Pair_DT-DT 7.8375 11.8875 7.8375 L2 -0.48936 -1.04203 -1.96749 -2.35576 -2.70455 -2.93327 -2.95378 -2.93551 -2.77572 -2.64719 -2.80904 -2.8375 -2.96704 -2.98854 -2.89685 -2.54838 -2.16524 -1.93801 -1.38905 -0.674079 -0.886883
Pair_DT-DA 11.0375 12.4625 11.0375 L2 -0.323884 0.920593 -1.93828 -1.65025 -1.89909 -2.17155 -2.58533 -2.89074 -2.96581 -3.08022 -3.213 -3.0937 -2.99661 -2.94655 -2.68203 -2.61007 -2.26078 -1.61908 -1.41737 -1.41895 -0.590677
Bond_DG-CY5A 6.575 9.425 6.575 L2 0.91438 0.630941 0.466004 0.124771 0.295527 0.213884 -0.0184248 0.0125743 0.0561534 0.115999 0.196098 0.526897 0.860462 0.967007 1.16189 1.28384 1.65576 2.05288 2.87162 0.965275 2.82151
Bond_CY5A-CY5B 8.845 10.555 8.845 L2 2.79034 0.538133 1.78688 1.8822 1.31985 0.696046 0.511199 0.187415 -0.0231229 0.00078996 0.0339129 -0.0494002 0.110372 0.45313 0.387366 0.380107 0.445289 0.416382 0.765076 1.6736 1.83676
Bond_CY5B-CY3A 5.245 6.955 5.245 L2 1.38367 1.42869 1.18321 0.464984 0.431247 0.129023 0.024612 -0.016819 0.0359545 0.165507 0.297571 0.235708 0.519445 0.921485 0.739776 1.06357 1.26412 1.27346 2.22632 2.79603 2.03458
Bond_CY3A-CY3B 6.8425 8.4575 6.8425 L2 2.45475 2.02517 3.23218 1.44929 1.74753 1.17521 0.485538 0.165034 0.04611 -0.113506 0.167616 0.509598 0.719066 1.05834 1.21586 1.52718 1.33179 1.46542 1.89234 2.06661 2.69497
Bond_CY3B-DT 6.0875 9.4125 6.0875 L2 1.40249 0.421942 0.742167 0.00817781 -0.00985285 0.0921596 0.00432517 -0.00694399 -0.0153994 0.21954 0.465132 0.420693 0.387021 0.626735 0.641426 0.465843 0.831783 0.590324 1.57148 0.860145 1.34006
Bond_DC-DT 4.05 5.95 4.05 L2 2.48678 1.46067 1.22149 0.192595 -0.035361 0.00919308 0.0995574 0.000611105 0.267445 0.33876 0.307009 0.409598 0.716858 0.886669 1.00077 1.65867 1.49974 2.48447 2.50893 2.38374 2.89746
Bond_DT-DT 4.4525 6.4475 4.4525 L2 0.569624 -0.00153275 0.56016 -0.0431834 0.00315996 -0.0023902 0.0269847 -0.0430481 0.170975 0.25687 0.0436228 0.537511 0.669607 0.943645 1.60561 1.15245 2.03637 1.20987 4.15475 0.432835 2.08931
Bond_DT-DA 4.23 5.37 4.23 L2 1.76997 1.99099 0.575403 0.517648 0.239788 0.0352229 0.121461 0.0496787 -0.0476774 0.0457831 0.26255 0.191079 0.428787 0.943335 0.842962 1.08549 1.44672 1.59442 2.21882 2.63946 2.42088
Angle_DG-CY5A-CY5B 81.25 128.75 81.25 L2 2.66935 3.19052 2.14792 0.979417 1.0871 0.617907 0.213302 0.238213 -0.0226954 0.0630379 0.324753 0.53274 0.610821 0.914126 1.14608 1.42137 2.91324 1.24428 3.37734 1.62809 2.12646
Angle_CY5A-CY5B-CY3A 35.75 61.25 35.75 L2 3.08654 2.5781 1.83618 1.73777 1.21255 0.473746 0.552775 0.18498 0.0145436 -0.0705266 0.09337 0.328955 0.459062 0.68146 0.995167 1.40772 1.30426 2.04584 2.86745 1.4001 3.08654
Angle_CY5B-CY3A-CY3B 42.950001 77.149994 42.950001 L2 1.74213 1.11134 0.449723 -0.0359916 0.0257972 0.25814 0.498525 1.01958 1.38237 1.08054 1.80863 1.18409 1.87151 1.67884 2.04117 2.61986 2.22311 2.59801 3.99596 1.114 3.26183
Angle_CY3A-CY3B-DT 62.950001 99.050003 62.950001 L2 1.30619 1.34902 0.964573 1.05076 1.08761 0.704844 0.725864 0.824116 0.853916 0.646568 0.425398 0.177031 0.0287577 0.0772697 -0.0561552 0.203574 0.603159 0.756231 1.51094 2.64164 1.95711
Angle_DC-DT-DT 131.199997 176.800003 131.199997 L2 2.20979 2.50805 3.7502 1.68851 1.61392 0.892217 0.577624 0.31122 0.0861505 -0.00767526 0.0317691 0.039401 -0.0114734 0.0770601 0.221375 0.566631 0.75665 1.26995 1.84947 1.89377 2.45002
Angle_DT-DT-DA 133.0 171.0 133.0 L2 1.77984 1.77614 1.64463 0.903621 0.741115 0.361701 0.486284 0.14638 0.0872456 0.0416703 0.00119472 0.159319 0.167026 0.257566 0.491932 0.846427 0.814271 1.0732 1.99942 0.649998 2.02008
